h:100010
k:100011
n:110100
p:110101
r:110110
c:110111
e:01010
l:01011
o:10000
u:0100
i:100111
y:110011
g:000
f:001
s:01111
d:101111
a:111111
T
111111.01011.01011.111111.110100.100010.101111.01111.000.001.111111.0100.100111.01111.101111.110011.000.001.0100.111111.01111.110011.101111.000.001.100111.0100.111111.110011.01111.101111.000.001.0100.110011.000.111111.01111.101111.100111.001.110011.000.111111.01010.100111.110111.110101.01010.101111.110110.10000.01111.101111.111111.001.100011.111111.01111.101111.001.111111.01111.101111.001.111111.01111.101111.110111.111111.100111.10000.